[cosmological_parameters]
;planck comso
omega_m = 0.315
sigma8_input =0.811

;des y3 cosmo
; omega_m = 0.2813
; sigma8_input =0.7694

h0 = 0.674
omega_b = 0.0486
tau = 0.054
n_s = 0.965
A_s = 2.215e-9
omega_k = 0.0
w = -1.0
wa = 0.0
[wl_photoz_errors]
bias_1=0.008727616888313606
bias_2=-0.00449619080470711
bias_3=-0.004336773009856643
bias_4=0.003973626112451711
[shear_calibration_parameters]
m1=-0.010700740882373345
m2=-0.011986332030267026
m3=-0.023707937261872307
m4=-0.023629040035132217
[halo_model_parameters]
a=0.7345231913468281
eta_0=0.426672960164709
[theory_yx]
p0-a_m--0=24.802852485725914
p0-alpha_z--0=-3.746559178899227
a_ia--0=0.2993619125754639
eta_ia--0=-2.472469579151402
nbar--1 = 164069.4
nbar--2 = 377405.6
nbar--3 = 640216.0
nbar--4 = 350937.1
nbar--5 = 109418.2