[cosmological_parameters]
;planck comso
omega_m = 0.315
sigma8_input =0.811

;des y3 cosmo
; omega_m = 0.2813
; sigma8_input =0.7694

h0 = 0.674
omega_b = 0.0486
tau = 0.054
n_s = 0.965
A_s = 2.215e-9
omega_k = 0.0
w = -1.0
wa = 0.0
[wl_photoz_errors]
bias_1=0.00419723557199632
bias_2=-0.0208713723912979
bias_3=-0.0246743758222578
bias_4=0.00206300187217039
[shear_calibration_parameters]
m1=-0.00231437402459279
m2=-0.0271800059192969
m3=-0.0202141998145976
m4=-0.0351343645179554
[halo_model_parameters]
a=1.19074214488039
eta_0=0.544885622260258
[theory_yx]
p0-a_m--0=33.7721057847259
beta-a_m--0=4.44169048379979
p0-alpha_z--0=-3.88063181370669
alpha_p_high--0=0.442813858896856
a_ia--0=1.06629264787218
eta_ia--0=1.20663509363183
nbar--1 = 164069.4
nbar--2 = 377405.6
nbar--3 = 640216.0
nbar--4 = 350937.1
nbar--5 = 109418.2