[cosmological_parameters]
;planck comso
omega_m = 0.315
sigma8_input =0.811

;des y3 cosmo
; omega_m = 0.2813
; sigma8_input =0.7694

h0 = 0.674
omega_b = 0.0486
tau = 0.054
n_s = 0.965
A_s = 2.215e-9
omega_k = 0.0
w = -1.0
wa = 0.0
[wl_photoz_errors]
bias_1=0.027228077399991
bias_2=-0.0110525007771002
bias_3=-0.0109978583286988
bias_4=0.023463309544718
[shear_calibration_parameters]
m1=-0.0120583214003204
m2=-0.0239573268666504
m3=-0.0349120169017056
m4=-0.042530779208289
[halo_model_parameters]
a=1.34313890872232
eta_0=0.544082190165376
[theory_yx]
p0-a_m--0=35.5524337892907
beta-a_m--0=4.58155814189906
p0-alpha_z--0=-3.48017294671856
alpha_p_high--0=0.461072222608528
a_ia--0=0.969698211278204
eta_ia--0=-1.39673982295549
nbar--1 = 164069.4
nbar--2 = 377405.6
nbar--3 = 640216.0
nbar--4 = 350937.1
nbar--5 = 109418.2