[cosmological_parameters]
;planck comso
omega_m = 0.315
sigma8_input =0.811

;des y3 cosmo
; omega_m = 0.2813
; sigma8_input =0.7694

h0 = 0.674
omega_b = 0.0486
tau = 0.054
n_s = 0.965
A_s = 2.215e-9
omega_k = 0.0
w = -1.0
wa = 0.0
[wl_photoz_errors]
bias_1=0.00741730344846019
bias_2=0.008284136178167499
bias_3=-0.011640461771696666
bias_4=0.0036934707877890106
[shear_calibration_parameters]
m1=-0.01455480629416571
m2=-0.024030254649994733
m3=-0.007473024086618811
m4=-0.027803001145150573
[halo_model_parameters]
a=4.407120709002404
eta_0=0.785949928639282
[theory_yx]
p0-a_m--0=32.90396916645043
p0-alpha_z--0=-3.22115814730287
alpha_p_high--0=1.7927329748694119
a_ia--0=1.3252093639059754
eta_ia--0=1.856713738440103
nbar--1 = 164069.4
nbar--2 = 377405.6
nbar--3 = 640216.0
nbar--4 = 350937.1
nbar--5 = 109418.2