[cosmological_parameters]
;planck comso
omega_m = 0.315
sigma8_input =0.811

;des y3 cosmo
;omega_m = 0.2813
;sigma8_input =0.7694

h0 = 0.674
omega_b = 0.0486
tau = 0.054
n_s = 0.965
A_s = 2.215e-9
omega_k = 0.0
w = -1.0
wa = 0.0


[wl_photoz_errors]
bias_1=-0.0234787213215668
bias_2=0.00763739277756486
bias_3=-0.00552495442194641
bias_4=0.0104306514748487
[shear_calibration_parameters]
m1=-0.00349948577238593
m2=-0.0191274104918875
m3=-0.0200898259341898
m4=-0.037796542883666
[halo_model_parameters]
a=1.30593410296101
eta_0=0.431406666564864
[theory_yx]
p0-a_m--0=13.43383424101
beta-a_m--0=7.15912392589322
p0-alpha_z--0=-3.82965635762671
beta-alpha_z--0=-0.689269637570631
p0-alpha_m--0=0.958353601446533
alpha_p_high--0=1.90606241649845

; ; For redmagic y3:
nbar--1 = 164069.4
nbar--2 = 377405.6
nbar--3 = 640216.0
nbar--4 = 350937.1
nbar--5 = 109418.2

