[cosmological_parameters]
;planck comso
omega_m = 0.315
sigma8_input =0.811

;des y3 cosmo
; omega_m = 0.2813
; sigma8_input =0.7694

h0 = 0.674
omega_b = 0.0486
tau = 0.054
n_s = 0.965
A_s = 2.215e-9
omega_k = 0.0
w = -1.0
wa = 0.0

[wl_photoz_errors]
bias_1=0.00594832868030153
bias_2=0.00559432657225898
bias_3=-0.00319103138425589
bias_4=0.00417261928785137
[shear_calibration_parameters]
m1=-0.00879184703283045
m2=-0.0137127204024409
m3=-0.0259148228360005
m4=-0.0450764976925939
[halo_model_parameters]
a=1.10798187966314
eta_0=0.317698002895019
[theory_yx]
p0-a_m--0=31.8626734515766
beta-a_m--0=7.52233195051148
p0-alpha_z--0=-4.78997663661595
beta-alpha_z--0=-0.480707599694225
p0-alpha_m--0=0.263517869464936
beta-alpha_m--0=-0.141049596060663
a_ia--0=1.05874907021716
eta_ia--0=0.89544963021472
nbar--1 = 164069.4
nbar--2 = 377405.6
nbar--3 = 640216.0
nbar--4 = 350937.1
nbar--5 = 109418.2

[DATA_VECTOR]
2PT_CHI2=160.262069374594
