[cosmological_parameters]
;planck comso
omega_m = 0.315
sigma8_input =0.811

;des y3 cosmo
; omega_m = 0.2813
; sigma8_input =0.7694

h0 = 0.674
omega_b = 0.0486
tau = 0.054
n_s = 0.965
A_s = 2.215e-9
omega_k = 0.0
w = -1.0
wa = 0.0

[wl_photoz_errors]
bias_1=-0.00312694315987301
bias_2=0.00894689413560172
bias_3=-0.000492228109112602
bias_4=0.00051754921016709
[shear_calibration_parameters]
m1=-0.00368936675878331
m2=-0.0142400472612621
m3=-0.0186898348874706
m4=-0.0405068836990154
[halo_model_parameters]
a=3.8099602736377
eta_0=0.763715899316304
[theory_yx]
p0-a_m--0=26.6675401818826
beta-a_m--0=4.20454434248924
p0-alpha_z--0=-3.25546634573122
alpha_p_high--0=1.09483655196273
a_ia--0=1.16512410674619
eta_ia--0=1.75387988830366
nbar--1 = 164069.4
nbar--2 = 377405.6
nbar--3 = 640216.0
nbar--4 = 350937.1
nbar--5 = 109418.2
