[cosmological_parameters]
;planck comso
; omega_m = 0.315
; sigma8_input =0.811

;des y3 cosmo
omega_m = 0.2813
sigma8_input =0.7694

h0 = 0.674
omega_b = 0.0486
tau = 0.054
n_s = 0.965
A_s = 2.215e-9
omega_k = 0.0
w = -1.0
wa = 0.0

[wl_photoz_errors]
bias_1=0.0130288019865702
bias_2=0.00799368274654171
bias_3=0.0104878864988564
bias_4=0.00112023125614087
[shear_calibration_parameters]
m1=-0.00711214657002302
m2=-0.0172847788413151
m3=-0.0154825841736397
m4=-0.0274213263228262
[halo_model_parameters]
a=1.447548064433
eta_0=0.118704337153589
[theory_yx]
p0-a_m--0=32.7577120624476
p0-alpha_z--0=-4.51531387813946
a_ia--0=-0.297932962321251
eta_ia--0=-2.68603535789968
nbar--1 = 164069.4
nbar--2 = 377405.6
nbar--3 = 640216.0
nbar--4 = 350937.1
nbar--5 = 109418.2
[DATA_VECTOR]
2PT_CHI2=561.815212691659
