[cosmological_parameters]
omega_m = 0.315
h0 = 0.674
omega_b = 0.0486
sigma8_input =0.811
tau = 0.054
n_s = 0.965
A_s = 2.215e-9
omega_k = 0.0
w = -1.0
wa = 0.0

[wl_photoz_errors]
; values suitable for multiplicative mode
; you should also use a prior b ~ N(0.0, 0.05)
; independently for all the b
bias_1 = -0.05 -0.006632258492547368 0.05
bias_2 = -0.05 -0.04195256807425472 0.05
bias_3 = -0.05 -0.013262198005921839 0.05
bias_4 = -0.05 -0.022935639256171744 0.05


[shear_calibration_parameters]
; you should also use a prior m ~ N(0.0, 0.05)
; independently for all the m
; This is done in priors17.ini
m1 = -0.1 -0.010716441356643305 0.1
m2 = -0.1 -0.02213820526662772 0.1
m3 = -0.1 -0.031388029323456926 0.1
m4 = -0.1 -0.06557850084726707 0.1

[halo_model_parameters]
;REF model values
;A = 3.91
;eta_0 = 0.68

;AGN model values
A = 0.1 1.57873226149235 5.0
eta_0 = 0.1 0.26574746327761 1.0

[theory_yx]
P0-A_m--0 = 10.0 12.796179487 40
beta-A_m--0 = 2.0 4.79601196444 6.5


; ; For redmagic y3:
nbar--1 = 164069.4
nbar--2 = 377405.6
nbar--3 = 640216.0
nbar--4 = 350937.1
nbar--5 = 109418.2

A_IA--0 = -2.5 0.010438216537 2.5
eta_IA--0 = -3.0 1.8057448477 4.0

