[cosmological_parameters]
;planck comso
omega_m = 0.315
sigma8_input =0.811

;des y3 cosmo
; omega_m = 0.2813
; sigma8_input =0.7694

h0 = 0.674
omega_b = 0.0486
tau = 0.054
n_s = 0.965
A_s = 2.215e-9
omega_k = 0.0
w = -1.0
wa = 0.0

[wl_photoz_errors]
bias_1=0.00954095311346919
bias_2=0.00390742220281481
bias_3=-0.00151110913062666
bias_4=-0.000637966184035577
[shear_calibration_parameters]
m1=-0.0157987643636034
m2=-0.0249666222264523
m3=-0.0216027330944712
m4=-0.0329872109193502
[halo_model_parameters]
a=3.55778218304852
eta_0=0.542212495231711
[theory_yx]
p0-a_m--0=37.6379160080962
beta-a_m--0=4.36435986319771
p0-alpha_z--0=-4.96326820863442
beta-alpha_z--0=-1.25689552026817
xc-a_m--0=0.405667843742449
xc-alpha_z--0=-1.15278858426085
a_ia--0=0.539060394893709
eta_ia--0=3.62223610595714
nbar--1 = 164069.4
nbar--2 = 377405.6
nbar--3 = 640216.0
nbar--4 = 350937.1
nbar--5 = 109418.2

[DATA_VECTOR]
2PT_CHI2=159.858006577971
