[cosmological_parameters]
;planck comso
omega_m = 0.315
sigma8_input =0.811

;des y3 cosmo
; omega_m = 0.2813
; sigma8_input =0.7694

h0 = 0.674
omega_b = 0.0486
tau = 0.054
n_s = 0.965
A_s = 2.215e-9
omega_k = 0.0
w = -1.0
wa = 0.0

[wl_photoz_errors]
bias_1=0.01711665087984784
bias_2=-0.006245575094703782
bias_3=-0.002067714223323946
bias_4=-0.011967979593396192
[shear_calibration_parameters]
m1=-0.013856395232812709
m2=-0.02179289609179023
m3=-0.027549231983164196
m4=-0.03616300295701649
[halo_model_parameters]
a=0.80719995521033
eta_0=0.26071881778276806
[theory_yx]
p0-a_m--0=7.845423480531543
p0-alpha_z--0=-4.116286898807296
p0-alpha_m--0=0.6207337960064232
alpha_p_high--0=-1.047970169921082
a_ia--0=-0.2846495257631269
eta_ia--0=0.697151267482143
nbar--1 = 164069.4
nbar--2 = 377405.6
nbar--3 = 640216.0
nbar--4 = 350937.1
nbar--5 = 109418.2
[DATA_VECTOR]
2PT_CHI2=487.95349454451264
