[cosmological_parameters]
omega_m = 0.315
h0 = 0.674
omega_b = 0.0486
sigma8_input =0.811
tau = 0.054
n_s = 0.965
A_s = 2.215e-9
omega_k = 0.0
w = -1.0
wa = 0.0

[wl_photoz_errors]
bias_1=-0.0033849751009024653
bias_2=0.01085992490560495
bias_3=-0.002267932776891579
bias_4=-0.009660507500958265
[shear_calibration_parameters]
m1=-0.0025137107481529707
m2=-0.019045964354974406
m3=-0.023932380247271772
m4=-0.031864890088844966
[halo_model_parameters]
a=1.6977530309575342
eta_0=0.37460444634291507
[theory_yx]
p0-a_m--0=10.74618167851969
beta-a_m--0=4.463148913681935
p0-alpha_z--0=-1.454681919763806
beta-alpha_z--0=0.19980294182658476

; ; For redmagic y3:
nbar--1 = 164069.4
nbar--2 = 377405.6
nbar--3 = 640216.0
nbar--4 = 350937.1
nbar--5 = 109418.2

