[cosmological_parameters]
;planck comso
omega_m = 0.315
sigma8_input =0.811

;des y3 cosmo
; omega_m = 0.2813
; sigma8_input =0.7694

h0 = 0.674
omega_b = 0.0486
tau = 0.054
n_s = 0.965
A_s = 2.215e-9
omega_k = 0.0
w = -1.0
wa = 0.0

[wl_photoz_errors]
bias_1=0.00589604198787583
bias_2=0.00328537636703459
bias_3=0.00194433592640735
bias_4=-0.00102352076730767
[shear_calibration_parameters]
m1=-0.0196701429768609
m2=-0.0140099874398629
m3=-0.0185313609918126
m4=-0.0319134741876724
[halo_model_parameters]
a=1.49192140706962
eta_0=0.271396836855569
[theory_yx]
p0-a_m--0=32.2519566798312
beta-a_m--0=5.30823049809705
p0-alpha_z--0=-3.79765947181336
a_ia--0=1.14825486892013
eta_ia--0=1.0672155329643
ky_alpha_1h2h_model--1=0.979807731620409
ky_alpha_1h2h_model--2=0.86742966595725
ky_alpha_1h2h_model--3=0.825018980990888
ky_alpha_1h2h_model--4=0.650808790178126


; ; For redmagic y3:
nbar--1 = 164069.4
nbar--2 = 377405.6
nbar--3 = 640216.0
nbar--4 = 350937.1
nbar--5 = 109418.2

