[cosmological_parameters]
;planck comso
omega_m = 0.315
sigma8_input =0.811

;des y3 cosmo
; omega_m = 0.2813
; sigma8_input =0.7694

h0 = 0.674
omega_b = 0.0486
tau = 0.054
n_s = 0.965
A_s = 2.215e-9
omega_k = 0.0
w = -1.0
wa = 0.0
[wl_photoz_errors]
bias_1=-0.009328498590889467
bias_2=0.000518614527140926
bias_3=0.0005648750774412293
bias_4=-0.003691271214370318
[shear_calibration_parameters]
m1=-0.004022750650005947
m2=-0.02179387552398566
m3=-0.019382055110702383
m4=-0.03840410482878269
[halo_model_parameters]
a=3.4048841122481246
eta_0=0.3917121786279709
[theory_yx]
p0-a_m--0=7.335249839432506
beta-a_m--0=6.204475175851898
p0-alpha_z--0=-4.8861413965273375
beta-alpha_z--0=-1.1383886933285978
p0-alpha_m--0=0.986848858616689
alpha_p_high--0=1.1009097600767124
a_ia--0=0.8992521664677013
eta_ia--0=-0.17862442621697916
; ; For redmagic y3:
nbar--1 = 164069.4
nbar--2 = 377405.6
nbar--3 = 640216.0
nbar--4 = 350937.1
nbar--5 = 109418.2
[DATA_VECTOR]
2PT_CHI2=181.72744445158423
