[cosmological_parameters]
omega_m = 0.315
h0 = 0.674
omega_b = 0.0486
sigma8_input =0.811
tau = 0.054
n_s = 0.965
A_s = 2.215e-9
omega_k = 0.0
w = -1.0
wa = 0.0
[wl_photoz_errors]
bias_1=0.007964407988214097
bias_2=0.005262261098949667
bias_3=-0.0036433143317579244
bias_4=-0.003506457665150742
[shear_calibration_parameters]
m1=-0.009697114202820135
m2=-0.021509636094332103
m3=-0.030068554107198144
m4=-0.04105797618723914
[halo_model_parameters]
a=0.21606562138484464
eta_0=0.5092306718065163
[theory_yx]
p0-a_m--0=13.353652271996722
beta-a_m--0=5.9454346386085835
p0-alpha_z--0=-0.10096387010102359
beta-alpha_z--0=0.414000087334236
p0-alpha_m--0=0.7498007243040377
alpha_p_high--0=0.2620719908439464


; ; For redmagic y3:
nbar--1 = 164069.4
nbar--2 = 377405.6
nbar--3 = 640216.0
nbar--4 = 350937.1
nbar--5 = 109418.2
