[cosmological_parameters]
;planck comso
; omega_m = 0.315
; sigma8_input =0.811

;des y3 cosmo
omega_m = 0.2813
sigma8_input =0.7694

h0 = 0.674
omega_b = 0.0486
tau = 0.054
n_s = 0.965
A_s = 2.215e-9
omega_k = 0.0
w = -1.0
wa = 0.0
[wl_photoz_errors]
bias_1=0.023814613242871
bias_2=0.00732096331319099
bias_3=0.00034732462371494
bias_4=0.00501313877059601
[shear_calibration_parameters]
m1=-0.00697524077273784
m2=-0.0267582743768685
m3=-0.0243837133339525
m4=-0.0343791020386902
[halo_model_parameters]
a=0.551266736695951
eta_0=0.0170608221564099
[theory_yx]
p0-a_m--0=33.0154065199564
p0-alpha_z--0=-4.33106888321148
a_ia--0=-1.06597859065281
eta_ia--0=3.75109147958132
nbar--1 = 164069.4
nbar--2 = 377405.6
nbar--3 = 640216.0
nbar--4 = 350937.1
nbar--5 = 109418.2
[DATA_VECTOR]
2PT_CHI2=511.757261258334
