[cosmological_parameters]
;planck comso
omega_m = 0.315
sigma8_input =0.811

;des y3 cosmo
; omega_m = 0.2813
; sigma8_input =0.7694

h0 = 0.674
omega_b = 0.0486
tau = 0.054
n_s = 0.965
A_s = 2.215e-9
omega_k = 0.0
w = -1.0
wa = 0.0
[wl_photoz_errors]
bias_1=0.005055989068364396
bias_2=0.0024707044179876902
bias_3=-0.001683863238724825
bias_4=0.0017257417948030702
[shear_calibration_parameters]
m1=-0.005158331077325335
m2=-0.018309481679409604
m3=-0.03008898895310495
m4=-0.03750519888811823
[halo_model_parameters]
a=0.7032095541900438
eta_0=0.32639116103717425
[theory_yx]
p0-a_m--0=30.308478732234324
p0-alpha_z--0=-4.9202413073362745
a_ia--0=0.8723214785532736
eta_ia--0=1.254106881154243
nbar--1 = 164069.4
nbar--2 = 377405.6
nbar--3 = 640216.0
nbar--4 = 350937.1
nbar--5 = 109418.2