[cosmological_parameters]
;planck comso
omega_m = 0.315
sigma8_input =0.811

;des y3 cosmo
; omega_m = 0.2813
; sigma8_input =0.7694

h0 = 0.674
omega_b = 0.0486
tau = 0.054
n_s = 0.965
A_s = 2.215e-9
omega_k = 0.0
w = -1.0
wa = 0.0
[wl_photoz_errors]
bias_1=0.00046489923413446383
bias_2=0.001846655417216425
bias_3=-0.0010205971946902535
bias_4=-0.006843702293258502
[shear_calibration_parameters]
m1=-0.014590037521713846
m2=-0.0215256589675505
m3=-0.025376252313037646
m4=-0.04001728176195911
[halo_model_parameters]
a=1.6395030773498949
eta_0=0.3387851736913751
[theory_yx]
a_ia--0=-0.20932811945262647
eta_ia--0=-1.5011885571262422
nbar--1 = 164069.4
nbar--2 = 377405.6
nbar--3 = 640216.0
nbar--4 = 350937.1
nbar--5 = 109418.2
[DATA_VECTOR]
2PT_CHI2=338.799903990961
