[cosmological_parameters]
omega_m = 0.25
h0 = 0.7
omega_b = 0.044
tau = 0.089
n_s = 0.95
sigma8_input = 0.8
A_s = 2.215e-9
omega_k = 0.0
w = -1.0
wa = 0.0

[theory_yx]
p0-a_m--0=15.031903687272973
beta-a_m--0=4.723947362003101
p0-alpha_z--0=0.6053380892811648
beta-alpha_z--0=0.878016762780232
logmmin_z0--0=12.88547767402861
logmmin_alpha_z--0=-0.11707172249792352
logmstar_z0--0=44.494883191710336
logmstar_alpha_z--0=-0.8901688359207355
n_z0--0=52.47039734475825
n_alpha_z--0=-9.258736097043862
sig_logm_z0--0=0.36009021937859875
sig_logm_alpha_z--0=-0.3051033333448956
logm1_z0--0=13.492239194479916
logm1_alpha_z--0=-0.03306952170636279
alpha_g_z0--0=1.061972383015662
alpha_g_alpha_z--0=0.7076408675685686

nbar--1 = 1770351.808
nbar--2 = 1268982.436
nbar--3 = 1289355.022
nbar--4 = 1724261.2072
nbar--5 = 1256264.334
nbar--6 = 1185355.716

; For shear y3:
noisek--1 = 3.5970e-09
noisek--2 = 4.543039e-09
noisek--3 = 3.8128e-09
noisek--4 = 8.4497651e-09
