[cosmological_parameters]
;planck comso
omega_m = 0.315
sigma8_input =0.811

;des y3 cosmo
; omega_m = 0.2813
; sigma8_input =0.7694

h0 = 0.674
omega_b = 0.0486
tau = 0.054
n_s = 0.965
A_s = 2.215e-9
omega_k = 0.0
w = -1.0
wa = 0.0
[wl_photoz_errors]
bias_1=-0.0014624063538803966
bias_2=0.012158951894639357
bias_3=-0.002193850369155825
bias_4=0.0006259579286279404
[shear_calibration_parameters]
m1=-0.006021063917967246
m2=-0.026174917903051667
m3=-0.025601052310037183
m4=-0.03638946659183375
[halo_model_parameters]
a=0.6836798759568321
eta_0=0.6020385147860803
[theory_yx]
p0-a_m--0=23.818356627086384
p0-alpha_z--0=-2.9608820083720335
alpha_p_high--0=0.10348171916981075
a_ia--0=0.1697538206055232
eta_ia--0=1.969673300288024
nbar--1 = 164069.4
nbar--2 = 377405.6
nbar--3 = 640216.0
nbar--4 = 350937.1
nbar--5 = 109418.2