[cosmological_parameters]
;planck comso
; omega_m = 0.315
; sigma8_input =0.811

;des y3 cosmo
omega_m = 0.2813
sigma8_input =0.7694

h0 = 0.674
omega_b = 0.0486
tau = 0.054
n_s = 0.965
A_s = 2.215e-9
omega_k = 0.0
w = -1.0
wa = 0.0

[wl_photoz_errors]
bias_1=0.0305117124733215
bias_2=0.00729329969296941
bias_3=0.00047250281778588
bias_4=0.00293362868676468
[shear_calibration_parameters]
m1=-0.00270737870920357
m2=-0.0235774081621798
m3=-0.0325171085267471
m4=-0.0391595774035864
[halo_model_parameters]
a=0.367227943369082
eta_0=-0.0882175270418335
[theory_yx]
a_ia--0=-1.23297843933971
eta_ia--0=3.79362465246352
nbar--1 = 164069.4
nbar--2 = 377405.6
nbar--3 = 640216.0
nbar--4 = 350937.1
nbar--5 = 109418.2
[DATA_VECTOR]
2PT_CHI2=335.200750321944
