[cosmological_parameters]
;planck comso
;omega_m = 0.315
;sigma8_input =0.811

;des y3 cosmo
omega_m = 0.2813
sigma8_input =0.7694

h0 = 0.674
omega_b = 0.0486
tau = 0.054
n_s = 0.965
A_s = 2.215e-9
omega_k = 0.0
w = -1.0
wa = 0.0

[wl_photoz_errors]
bias_1=-0.0105306083344885
bias_2=0.016428152812091
bias_3=-0.00237076062597907
bias_4=0.00332061010865345
[shear_calibration_parameters]
m1=-0.0239086098820962
m2=0.00682017442939014
m3=-0.021285120166101
m4=-0.0403325281604566
[halo_model_parameters]
a=3.79182988464384
eta_0=0.336263324378134
[theory_yx]
p0-a_m--0=7.39804368602083
beta-a_m--0=5.5696946334265
p0-alpha_z--0=-3.58846322655665
beta-alpha_z--0=-0.897899096897219
p0-alpha_m--0=0.991249344408105
alpha_p_high--0=1.63792665758166

; ; For redmagic y3:
nbar--1 = 164069.4
nbar--2 = 377405.6
nbar--3 = 640216.0
nbar--4 = 350937.1
nbar--5 = 109418.2

