[cosmological_parameters]
omega_m = 0.05 0.315 0.9
h0 = 0.3 0.6731 1.0
omega_b = 0.044
tau = 0.089
n_s = 0.96
A_s = 2.215e-9
omega_k = 0.0
w = -1.0
wa = 0.0
; omnuh2 = 0.00065
; massless_nu = 2.046
; massive_nu = 1

; And now the parameters we use to marginalize over systematics.

[intrinsic_alignment_parameters]
A = -5. 1.0  5.0
alpha = -5. 0. 5.0

[wl_photoz_errors]
; values suitable for multiplicative mode
; you should also use a prior b ~ N(0.0, 0.05)
; independently for all the b
; bias_1 = -0.3 0. 0.3
; bias_2 = -0.3 0. 0.3
; bias_3 = -0.3 0. 0.3
bias_1 = 0.0
bias_2 = 0.0
bias_3 = 0.0
bias_4 = 0.0

[lens_photoz_errors]
; values suitable for multiplicative mode
; you should also use a prior b ~ N(0.0, 0.05)
; independently for all the b
; bias_1 = -0.3 0. 0.3
; bias_2 = -0.3 0. 0.3
; bias_3 = -0.3 0. 0.3
bias_1 = 0.0
bias_2 = 0.0
bias_3 = 0.0
bias_4 = 0.0
bias_4 = 0.0
bias_5 = 0.0


[shear_calibration_parameters]
; you should also use a prior m ~ N(0.0, 0.05)
; independently for all the m
; This is done in priors17.ini
m1 = -0.2 0. 0.2
m2 = -0.2 0. 0.2
m3 = -0.2 0. 0.2
m4 = -0.2 0. 0.2
[halo_model_parameters]
;eta_0 = 0. 0.64 5.
;A = 0. 3.43 5.

eta_0 = 0. 0.76 5.
A = 0. 2.32 5.

[bias_lens]
b1 = 0.8  1.7   3.0
b2 = 0.8  1.7   3.0
b3 = 0.8  1.7   3.0
b4 = 0.8  2.0    3.0
b5 = 0.8  2.0    3.0


[bin_bias]
b1 = 0.8  1.7   3.0
b2 = 0.8  1.7   3.0
b3 = 0.8  1.7   3.0
b4 = 0.8  2.0    3.0
b5 = 0.8  2.0    3.0


[theory_yx]
; For redmagic y3:
nbar--1 = 164069.4
nbar--2 = 377405.6
nbar--3 = 640216.0
nbar--4 = 350937.1
nbar--5 = 109418.2

; For shear y3:
noisek--1 = 3.5970e-09
noisek--2 = 4.543039e-09
noisek--3 = 3.8128e-09
noisek--4 = 8.4497651e-09

logMmin--1 = 11.5 12.323 13.5
logMmin--2 = 11.5 12.13374997 13.5
logMmin--3 = 11.5 12.1193909 13.5
logMmin--4 = 11.5 12.722243 13.5
logMmin--5 = 11.5 12.75371710 13.5

fcen--1 = 0.1 0.185414496 1.0
fcen--2 = 0.5 0.2027028 1.0
fcen--3 = 0.5 0.17483953 1.0
fcen--4 = 0.5 0.11046809 1.0
fcen--5 = 0.5 0.136967087 1.0

sig_logM--1 = 0.1 0.4999975121 1.0
sig_logM--2 = 0.1 0.20246161 1.0
sig_logM--3 = 0.1 0.26089323 1.0
sig_logM--4 = 0.1 0.230407614 1.0
sig_logM--5 = 0.1 0.236740541 1.0

logM1--1 = 11.5 12.550964190061 13.5
logM1--2 = 11.5 12.7559968255 13.5
logM1--3 = 11.5 12.61429928 13.5
logM1--4 = 11.5 13.65743382437 14.5
logM1--5 = 11.5 13.7301036971 14.5

alpha_g--1 = 0.5 0.721438032 1.2
alpha_g--2 = 0.5 0.835113019 1.2
alpha_g--3 = 0.5 0.82734244293 1.2
alpha_g--4 = 0.5 0.661721379 1.2
alpha_g--5 = 0.5 0.699438619 1.2



