[cosmological_parameters]
omega_m = 0.1   0.350311   0.9
h0 = 0.55   0.703412   0.91
omega_b = 0.03   0.0541631   0.07
n_s = 0.87   0.927302   1.07
a_s = 0.5e-09   1.66314e-09   5.0e-09
omnuh2 = 0.0006   0.00   0.00644
w = -1.0
massive_nu = 0
massless_nu = 3.046
omega_k = 0.0
tau = 0.0697186
[shear_calibration_parameters]
m1 = -0.1   0.   0.1
m2 = -0.1   0.   0.1
m3 = -0.1   0.   0.1
m4 = -0.1   0.   0.1
[wl_photoz_errors]
bias_1 = -0.1   0.   0.1
bias_2 = -0.1   0.   0.1
bias_3 = -0.1   0.   0.1
bias_4 = -0.1   0.   0.1
[lens_photoz_errors]
bias_1 = -0.05   0.0     0.05
bias_2 = -0.05   0.0     0.05
bias_3 = -0.05   0.0     0.05
bias_4 = -0.05   0.0     0.05
bias_5 = -0.05   0.0     0.05
width_1 = 1.0
width_2 = 1.0
width_3 = 1.0
width_4 = 1.0
width_5 = 0.1   1.     1.9
[bias_lens]
b1 = 0.8   1.87724   3.0
b2 = 0.8   1.86519   3.0
b3 = 0.8   1.9439    3.0
b4 = 0.8   2.20702   3.0
b5 = 0.8   2.36252   3.0
[mag_alpha_lens]
alpha_1 = 1.
alpha_2 = 1.
alpha_3 = 1.
alpha_4 = 1.
alpha_5 = 1.
[intrinsic_alignment_parameters]
z_piv = 0.62
a1 = -5.0   0.0   5.0
a2 = -5.0   0.0   5.0
alpha1 = -5.0   0.   5.0
alpha2 = -5.0   0.   5.0
bias_ta = 0.0   0.   2.0


[add_pm]
b_1 = 0.47110713787272807
b_2 = 0.7108043848682917
b_3 = 0.7432896228813615
b_4 = 0.31500813446896075
b_5 = 0.5