[cosmological_parameters]
omega_m = 0.05 0.25 0.9
h0 = 0.3 0.7 1.0
omega_b = 0.044
tau = 0.089
n_s = 0.95
sigma8_input = 0.2 0.8 1.2
A_s = 2.215e-9
omega_k = 0.0
w = -1.0
wa = 0.0
; omnuh2 = 0.00065
; massless_nu = 2.046
; massive_nu = 1

; And now the parameters we use to marginalize over systematics.

[intrinsic_alignment_parameters]
A = -5. 1.0  5.0
alpha = -5. 0. 5.0

[wl_photoz_errors]
; values suitable for multiplicative mode
; you should also use a prior b ~ N(0.0, 0.05)
; independently for all the b
; bias_1 = -0.3 0. 0.3
; bias_2 = -0.3 0. 0.3
; bias_3 = -0.3 0. 0.3
bias_1 = 0.0
bias_2 = 0.0
bias_3 = 0.0
bias_4 = 0.0

[lens_photoz_errors]
; values suitable for multiplicative mode
; you should also use a prior b ~ N(0.0, 0.05)
; independently for all the b
; bias_1 = -0.3 0. 0.3
; bias_2 = -0.3 0. 0.3
; bias_3 = -0.3 0. 0.3
bias_1 = 0.0
bias_2 = 0.0
bias_3 = 0.0
bias_4 = 0.0
bias_4 = 0.0
bias_5 = 0.0
bias_6 = 0.0


[shear_calibration_parameters]
; you should also use a prior m ~ N(0.0, 0.05)
; independently for all the m
; This is done in priors17.ini
m1 = -0.2 0. 0.2
m2 = -0.2 0. 0.2
m3 = -0.2 0. 0.2
m4 = -0.2 0. 0.2
[halo_model_parameters]
;eta_0 = 0. 0.64 5.
;A = 0. 3.43 5.

eta_0 = 0. 0.76 5.
A = 0. 2.32 5.

[bias_lens]
b1 = 0.8  1.3   3.0
b2 = 0.8  1.5   3.0
b3 = 0.8  1.8   3.0
b4 = 0.8  1.9    3.0
b5 = 0.8  2.0    3.0
b6 = 0.8  2.0    3.0


[bin_bias]
b1 = 0.8  1.3   3.0
b2 = 0.8  1.5   3.0
b3 = 0.8  1.8   3.0
b4 = 0.8  1.9    3.0
b5 = 0.8  2.0    3.0
b6 = 0.8  2.0    3.0


[theory_yx]
; For redmagic y3:
nbar--1 = 1874395.77
nbar--2 = 1286441.821
nbar--3 = 1325581.86645
nbar--4 = 1703663.98
nbar--5 = 1242931.309
nbar--6 = 1211816.240
; For shear y3:
noisek--1 = 3.5970e-09
noisek--2 = 4.543039e-09
noisek--3 = 3.8128e-09
noisek--4 = 8.4497651e-09

logMmin--1 = 11.5 12.1296 13.5
logMmin--2 = 11.5 12.5956 13.5
logMmin--3 = 11.5 12.608 13.5
logMmin--4 = 11.5 12.5151 13.5
logMmin--5 = 11.5 12.5204 13.5
logMmin--6 = 11.5 12.5317 13.5

fcen--1 = 0.1 0.4632 1.0
fcen--2 = 0.5 0.8569 1.0
fcen--3 = 0.5 0.94903 1.0
fcen--4 = 0.5 0.99906 1.0
fcen--5 = 0.5 0.99715 1.0
fcen--6 = 0.5 0.72258 1.0

sig_logM--1 = 0.1 0.43869 1.0
sig_logM--2 = 0.1 0.451026 1.0
sig_logM--3 = 0.1 0.3749 1.0
sig_logM--4 = 0.1 0.3244632446  1.0
sig_logM--5 = 0.1 0.313 1.0
sig_logM--6 = 0.1 0.2685 1.0

logM1--1 = 11.5 12.576885 13.5
logM1--2 = 11.5 13.29164 13.5
logM1--3 = 11.5 13.45715 13.5
logM1--4 = 11.5 13.6288 14.5
logM1--5 = 11.5 13.703 14.5
logM1--6 = 11.5 13.801 14.5

alpha_g--1 = 0.5 0.8669 1.2
alpha_g--2 = 0.5 0.83066 1.2
alpha_g--3 = 0.5 0.79863 1.2
alpha_g--4 = 0.5 0.9083 1.2
alpha_g--5 = 0.5 0.9227 1.2
alpha_g--6 = 0.5 0.9215 1.2



