[2pt_like]
angle_range_compton_shear_1_1 = 3.1 999.0
angle_range_compton_shear_2_2 = 3.1 999.0
angle_range_compton_shear_3_3 = 3.1 999.0
angle_range_compton_shear_4_4 = 3.1 999.0



angle_range_xip_1_1 = 8.83602295339 250.0
angle_range_xip_1_2 = 8.12376759118 250.0
angle_range_xip_1_3 = 8.12376759118 250.0
angle_range_xip_1_4 = 8.65860973323 250.0
angle_range_xip_2_2 = 8.12376759118 250.0
angle_range_xip_2_3 = 8.12376759118 250.0
angle_range_xip_2_4 = 8.12376759118 250.0
angle_range_xip_3_3 = 8.12376759118 250.0
angle_range_xip_3_4 = 8.12376759118 250.0
angle_range_xip_4_4 = 8.65860973323 250.0
