[cosmological_parameters]
;planck comso
omega_m = 0.315
sigma8_input =0.811

;des y3 cosmo
; omega_m = 0.2813
; sigma8_input =0.7694

h0 = 0.674
omega_b = 0.0486
tau = 0.054
n_s = 0.965
A_s = 2.215e-9
omega_k = 0.0
w = -1.0
wa = 0.0
[wl_photoz_errors]
bias_1=0.017216631246833456
bias_2=0.019647348219655216
bias_3=-0.001792819069203233
bias_4=-0.001593094539998674
[shear_calibration_parameters]
m1=-0.0006860054521666825
m2=-0.009471172342750831
m3=-0.027234254239658653
m4=-0.013888893792204725
[halo_model_parameters]
a=0.4016207210884031
eta_0=0.24710575627183157
[theory_yx]
p0-a_m--0=24.528338814734138
beta-a_m--0=5.151995963644236
p0-alpha_z--0=-3.9497042855236346
beta-alpha_z--0=-0.14830092599589628
a_ia--0=0.8344070546013582
eta_ia--0=-1.7355794422509296



; ; For redmagic y3:
nbar--1 = 164069.4
nbar--2 = 377405.6
nbar--3 = 640216.0
nbar--4 = 350937.1
nbar--5 = 109418.2
