[cosmological_parameters]
;planck comso
omega_m = 0.315
sigma8_input =0.811

;des y3 cosmo
; omega_m = 0.2813
; sigma8_input =0.7694

h0 = 0.674
omega_b = 0.0486
tau = 0.054
n_s = 0.965
A_s = 2.215e-9
omega_k = 0.0
w = -1.0
wa = 0.0
[wl_photoz_errors]
bias_1=0.02877155443359243
bias_2=0.0004545363279476079
bias_3=-0.006356394685974465
bias_4=0.013276044582585201
[shear_calibration_parameters]
m1=0.0029480698775159915
m2=-0.028453929023248746
m3=-0.02813106714357902
m4=-0.062036546323338375
[halo_model_parameters]
a=0.204560356371501
eta_0=0.2912506533400694
[theory_yx]
p0-a_m--0=26.52303257675977
beta-a_m--0=5.201159522336527
p0-alpha_z--0=-3.8991014893422906
beta-alpha_z--0=-0.037660937727885146
a_ia--0=0.77343849284688
eta_ia--0=-2.9512033593165046


; ; For redmagic y3:
nbar--1 = 164069.4
nbar--2 = 377405.6
nbar--3 = 640216.0
nbar--4 = 350937.1
nbar--5 = 109418.2
