[cosmological_parameters]
;planck comso
omega_m = 0.315
sigma8_input =0.811

;des y3 cosmo
; omega_m = 0.2813
; sigma8_input =0.7694

h0 = 0.674
omega_b = 0.0486
tau = 0.054
n_s = 0.965
A_s = 2.215e-9
omega_k = 0.0
w = -1.0
wa = 0.0

[wl_photoz_errors]
bias_1=0.0139083353212982
bias_2=-0.00887423046413005
bias_3=-0.0024589879716018
bias_4=-0.0165691149966506
[shear_calibration_parameters]
m1=-0.00272360112777506
m2=-0.0287692128335834
m3=-0.033263765813274
m4=-0.0358820720255039
[halo_model_parameters]
a=0.01 0.402956417083746 5.0
eta_0=0.151492156293947
[theory_yx]
p0-a_m--0=20.5317101196883
p0-alpha_z--0=-3.56406907763361
a_ia--0=-0.276997957770443
eta_ia--0=0.518187061074332
nbar--1 = 164069.4
nbar--2 = 377405.6
nbar--3 = 640216.0
nbar--4 = 350937.1
nbar--5 = 109418.2
[DATA_VECTOR]
2PT_CHI2=490.773393982184
